zeros_t = [
    14.134725141734695,
    21.022039638771556,
    25.010857580145689,
    30.424876125859512,
    32.935061587739192,
    37.586178158825675,
    40.918719012147498,
    43.327073280915002,
    48.005150881167161,
    49.773832477672300,
    52.970321477714464,
    56.446247697063392,
    59.347044002602352,
    60.831778524609810,
    65.112544048081602,
    67.079810529494168,
    69.546401711173985,
    72.067157674481905,
    75.704690699083926,
    77.144840068874799,
    79.337375020249368,
    82.910380854086029,
    84.735492980517051,
    87.425274613125225,
    88.809111207634459,
    92.491899270558491,
    94.651344040519888,
    95.870634228245308,
    98.831194218193687,
    101.317851005731384,
    103.725538040478341,
    105.446623052326089,
    107.168611184276401,
    111.029535543169672,
    111.874659176992637,
    114.320220915452708,
    116.226680320857554,
    118.790782865976212,
    121.370125002420650,
    122.946829293552582,
    124.256818554345770,
    127.516683879596499,
    129.578704199956064,
    131.087688530932667,
    133.497737202997598,
    134.756509753373876,
    138.116042054533438,
    139.736208952121387,
    141.123707404021133,
    143.111845807620625,
    146.000982486765508,
]
